1	0.990952	-0.339896	0.977426	5.07026	-0.958671
2	5.5086	-0.590182	0.619436	0.355914	-0.351942
3	0.342797	-0.482068	0.185966	5.02621	-0.676681
4	5.82937	0.434217	-0.476049	0.625505	0.213258
5	-0.0448861	5.35769	-0.202902	0.586804	0.637383
6	-0.682039	5.44165	-0.831367	-0.72491	-0.142926
7	0.729992	-0.254963	6.68301	-0.695885	-0.920141
8	-0.390229	0.579058	0.746027	0.133704	6.81785
9	0.441325	-0.110816	0.0296326	0.752306	6.98561
10	0.324603	0.949467	5.49508	-0.571309	-0.811939
11	-0.901742	0.117733	6.2984	-0.841855	0.513345
12	-0.453887	0.449011	0.205879	5.99365	0.0510242
13	0.845867	0.390224	-0.123126	5.36805	-0.388833
14	-0.237678	-0.349661	5.63941	-0.212152	0.12178
15	-0.100685	0.41837	6.60423	0.615633	-0.776154
16	6.37636	-0.801783	-0.443612	0.657207	0.0561317
17	6.3327	-0.152463	-0.966638	0.562534	0.275296
18	-0.681138	0.718434	6.59614	0.399454	0.691606
19	6.97135	0.971743	0.542354	0.238869	-0.501248
20	5.01425	-0.238014	-0.39486	-0.580187	-0.30143
21	0.537672	0.918975	-0.612402	5.67276	-0.397176
22	0.975424	-0.711436	-0.920151	6.36589	-0.481896
23	-0.87939	0.814306	-0.696261	6.84808	0.242025
24	6.0654	-0.994657	-0.652369	0.0747217	-0.987112
25	-0.016795	5.16976	0.724263	-0.376692	-0.578931
26	-0.63869	-0.731596	0.803138	0.033537	5.41725
27	0.560879	5.56491	-0.757259	0.264339	-0.298786
28	0.200937	6.63604	0.291894	-0.0960449	-0.588638
29	0.339661	-0.465209	6.61366	0.305531	-0.0448242
30	-0.546633	-0.0749244	6.99443	-0.525125	0.726336
31	5.76157	-0.175286	0.930379	0.974601	-0.553383
32	0.0131413	-0.743931	0.155302	6.26363	0.852465
33	-0.191738	5.96448	-0.53646	-0.0300082	0.250588
34	6.93438	0.634501	0.898257	0.452115	-0.744994
35	6.3389	0.964723	0.813799	-0.993038	-0.824681
36	-0.378263	0.377452	5.56549	0.0666975	-0.849657
37	0.246468	-0.0254855	0.49172	6.92438	-0.636979
38	6.55747	-0.789265	0.99421	-0.265541	-0.240865
39	6.6554	0.163693	-0.771514	0.298304	-0.15084
40	0.883051	6.46043	0.0485452	-0.579862	0.293821
41	-0.0183136	-0.875591	6.67034	-0.888325	0.7724
42	6.97006	0.222986	0.22954	-0.761376	-0.319865
43	-0.251947	0.841322	0.831042	-0.607682	5.92372
44	6.07433	0.639822	-0.417215	-0.310879	0.150881
45	0.120444	-0.0747679	5.92448	0.86623	-0.699604
46	5.65264	0.778765	-0.771123	-0.21269	0.202876
47	6.34598	-0.123198	0.676883	0.442674	0.0180173
48	0.65256	-0.99499	-0.420882	-0.481196	5.90925
49	6.94914	0.141941	0.39956	0.778152	0.674227
50	-0.67777	0.823893	-0.773502	6.96908	0.0498818
51	-0.335641	6.65173	0.00936913	-0.829835	0.92668
52	-0.46855	0.62491	-0.397065	6.16975	-0.724206
53	0.823796	-0.242472	6.04171	-0.27456	-0.692989
54	0.745836	5.66226	0.842698	-0.974003	0.345705
55	6.344	-0.287751	0.0934729	-0.0213731	-0.601954
56	-0.208388	0.0105564	0.890143	5.45273	-0.593672
57	0.346962	-0.670906	0.433158	0.171537	6.21683
58	-0.904651	0.396205	6.95383	0.898595	0.82615
59	6.62439	0.705938	0.989714	-0.79233	-0.694616
60	0.00684974	0.997888	6.27508	0.362793	-0.513666
61	0.582331	-0.36679	-0.0191338	5.83007	-0.310783
62	5.11434	-0.0200769	0.709464	-0.86888	-0.895368
63	5.27842	-0.740548	-0.27814	0.0755648	0.117526
64	-0.774294	0.391442	-0.565944	-0.148071	6.45403
65	0.877666	0.733469	-0.363485	-0.448676	6.95516
66	-0.564619	6.37134	-0.48939	-0.528329	0.256222
67	0.866498	-0.636683	5.35385	-0.432239	0.386176
68	-0.707999	5.66977	-0.979561	-0.08311	0.857914
69	5.01715	-0.194147	-0.912935	0.112591	0.916445
70	0.251563	6.42652	-0.586775	-0.701963	-0.498758
71	-0.658703	-0.664493	0.770599	6.06115	-0.490556
72	-0.732229	-0.62651	5.31423	-0.779566	0.291752
73	0.869933	6.39513	-0.559497	-0.321141	-0.265518
74	-0.660806	-0.791944	6.5503	-0.702221	-0.0418819
75	0.894529	5.88074	0.483963	-0.705387	0.341968
76	-0.907168	0.956186	0.088577	0.697512	5.16416
77	0.350184	5.25604	-0.548276	0.538079	0.856401
78	0.44199	-0.963918	6.4608	0.09881	0.786447
79	6.31762	-0.0107103	-0.73412	0.74391	-0.255677
80	0.0115524	-0.584498	6.42555	0.421765	-0.376973
81	0.814003	0.915481	0.979317	0.0347849	5.56242
82	0.421558	-0.594483	6.96436	0.242654	0.313669
83	0.835298	0.0582523	5.61421	-0.200983	0.487012
84	0.00452035	-0.0977644	5.68534	-0.218973	0.125873
85	5.23674	0.321627	-0.0315886	0.651302	-0.0932503
86	-0.569481	-0.301587	6.53814	0.906062	-0.977366
87	5.96792	0.72705	0.47336	0.642678	-0.569792
88	-0.442759	-0.647422	6.70255	-0.782743	0.0927101
89	0.382779	-0.379319	-0.813937	6.30414	-0.630939
90	-0.962032	5.03942	0.99447	-0.0586663	-0.514016
91	-0.941617	0.566149	0.723256	6.71747	0.814686
92	0.506949	5.10239	0.782898	-0.31503	-0.0185267
93	0.492981	6.38274	-0.614476	-0.0842442	-0.323765
94	0.165534	-0.844064	5.74928	-0.386818	0.473514
95	-0.231602	-0.897313	5.86217	0.516957	0.622547
96	0.378878	6.74823	-0.698142	0.0303515	0.167723
97	-0.109231	6.82565	-0.689449	-0.735023	0.668856
98	0.577593	-0.481906	0.393644	0.245959	6.63035
99	0.864425	6.96342	-0.964112	-0.514994	0.297959
100	0.681965	0.818594	-0.0696454	5.87727	-0.205313
101	0.97646	0.462712	6.886	0.631197	-0.585608
102	0.652049	0.903389	-0.299917	0.920261	6.28396
103	0.0632487	-0.873508	-0.436642	0.394384	5.02812
104	-0.984011	0.347307	6.79916	-0.566057	0.853058
105	0.844967	0.126019	5.12578	-0.937307	0.838865
106	0.475454	0.333799	6.31071	0.771522	0.888331
107	0.515912	-0.556573	6.23339	0.779172	-0.28408
108	-0.657699	-0.488489	6.9726	0.819805	0.0609344
109	6.25035	-0.24483	0.484424	0.393946	-0.117018
110	6.43169	-0.0295727	-0.93281	0.972744	-0.738157
111	0.541611	-0.49039	6.72777	0.906967	0.426663
112	0.300002	0.309529	0.04216	0.347146	6.27922
113	-0.152099	0.0964027	0.595034	-0.410548	5.31495
114	-0.472252	0.341855	0.77275	-0.872558	6.27383
115	0.151894	6.77102	-0.738959	0.237807	-0.691466
116	-0.976275	-0.363275	0.864959	0.255325	5.51678
117	5.97527	-0.0774825	-0.0236645	-0.307135	0.598736
118	0.85652	-0.615387	0.842458	6.58569	0.753323
119	-0.163907	-0.216519	6.89287	0.923783	-0.951229
120	-0.811516	6.66892	-0.407632	0.219139	0.774034
121	0.928227	5.97023	-0.450704	0.1281	0.281841
122	0.994871	-0.459993	0.920513	0.277572	5.59118
123	-0.0349002	-0.765384	0.237604	0.0265089	6.09028
124	-0.141768	-0.774456	5.73657	0.0593445	-0.920371
125	-0.857501	-0.481054	-0.0729872	6.45754	-0.219551
126	-0.698728	-0.843078	0.90376	6.37188	-0.018782
127	-0.213358	-0.676222	0.29263	6.67693	-0.793174
128	6.07669	-0.876805	0.470257	0.123433	-0.378273
129	6.32762	-0.430633	-0.279525	0.878166	0.200978
130	6.85219	0.116838	-0.349713	0.618965	0.422865
131	-0.710205	5.8021	0.539624	-0.851508	-0.244131
132	0.23822	0.912723	6.66237	-0.278201	0.195137
133	-0.269334	-0.52248	5.16288	-0.654938	-0.588269
134	-0.86825	5.02142	0.662526	-0.999576	0.758579
135	-0.16004	5.27432	0.253521	-0.950336	-0.882653
136	5.24434	-0.524256	-0.679816	0.742727	-0.436076
137	-0.482514	0.327333	-0.556531	0.482597	6.62753
138	0.582516	0.598805	-0.420648	6.2106	-0.421341
139	-0.567623	5.60043	0.661662	0.103286	0.167071
140	5.58729	0.661619	-0.430842	0.782591	0.956549
141	-0.461787	0.522089	-0.897946	-0.19577	6.60794
142	6.40909	0.890543	-0.643272	0.354875	-0.488553
143	-0.918846	0.0137127	0.385044	-0.51153	6.50577
144	0.232179	0.283223	0.58103	0.742428	5.91554
145	0.1681	0.94175	0.167526	6.11232	-0.142714
146	0.865255	0.731324	0.937667	5.73603	0.676534
147	6.67794	0.884437	-0.42773	0.153885	0.321842
148	0.913582	5.01524	-0.4379	-0.797763	-0.503587
149	-0.773157	0.660322	6.02889	0.633741	0.476152
150	-0.460842	6.00988	-0.484209	0.917626	0.604282
151	0.84613	-0.0478907	0.0675214	5.90314	-0.460457
152	-0.503045	0.656961	-0.312871	6.23298	-0.397063
153	0.819975	6.00542	-0.762976	0.448646	0.639892
154	0.706683	-0.968004	-0.71461	6.64932	0.452782
155	6.82116	-0.287528	-0.372121	0.260348	0.735668
156	0.168403	0.812251	6.38323	0.645407	-0.70777
157	5.90069	-0.877398	0.983576	0.418729	-0.41767
158	5.22037	0.430475	-0.204867	-0.69286	0.136252
159	-0.0522387	0.0768695	0.845541	-0.0927775	5.10952
160	-0.790658	-0.897206	0.412375	5.06038	-0.731656
161	0.655873	-0.817739	0.530527	5.58679	-0.10699
162	0.792608	6.38599	0.739277	0.422484	0.263139
163	-0.0788437	0.680899	-0.590494	0.446048	6.31686
164	5.60897	-0.92874	0.812532	-0.868751	0.0661434
165	0.0283846	0.685333	6.38329	0.675013	0.130567
166	0.82655	0.570711	0.206546	6.91555	0.483143
167	-0.914262	5.5211	0.715852	0.507245	-0.31909
168	0.0461795	-0.0355062	-0.213433	5.12181	0.919627
169	-0.128115	0.715189	5.57291	-0.744944	0.013496
170	0.054415	0.711221	0.252464	0.0761073	5.95934
171	0.0852699	-0.383106	0.368688	0.572374	5.41091
172	6.89058	-0.6428	-0.85297	0.961368	0.336232
173	0.333792	5.64848	0.931511	0.024154	-0.372364
174	-0.503021	6.94089	0.521541	-0.00857047	0.0206285
175	-0.455532	-0.490359	0.283565	6.68984	0.69313
176	5.22127	-0.580176	0.273749	-0.773193	-0.90261
177	-0.00150511	0.517941	0.920014	0.0613932	5.04047
178	6.72068	0.523867	-0.462468	-0.0469145	-0.590868
179	0.760535	5.20237	0.661366	0.126569	0.921984
180	0.158491	0.10013	-0.251794	0.757346	5.91463
181	0.379583	0.297009	0.887844	6.71918	0.388329
182	0.482502	0.242076	6.4245	0.372193	0.0610784
183	6.96618	0.481916	-0.291187	-0.483201	-0.488948
184	-0.53034	-0.4969	5.59332	0.88996	-0.178683
185	0.565215	6.5559	-0.947225	-0.679562	-0.620185
186	-0.907623	5.69138	-0.376479	0.817802	0.253728
187	0.150513	0.366372	6.14852	0.825313	0.888456
188	6.61336	-0.276983	-0.895032	0.290077	0.299279
189	0.625044	-0.849383	0.451882	-0.923686	5.36495
190	-0.419575	0.332623	-0.901038	6.82753	0.177657
191	-0.200327	-0.322768	0.731869	-0.732229	5.52441
192	0.0447808	0.577674	-0.159121	5.39804	0.828406
193	-0.97019	-0.798276	6.73882	-0.619159	0.23288
194	-0.348902	-0.864167	5.19354	0.558094	0.783693
195	-0.908323	5.11424	-0.608836	-0.658059	-0.120456
196	-0.573239	0.613191	6.82291	0.140513	0.610188
197	5.39569	0.583449	0.519639	-0.540208	-0.778281
198	0.671612	0.465425	-0.773148	-0.477081	6.90713
199	-0.388794	-0.828028	6.76508	0.717744	0.953268
200	6.69912	0.691613	0.982753	-0.905255	-0.265296
201	0.227042	5.12863	0.123114	0.33606	0.0031525
202	-0.0616945	-0.401655	5.66636	0.310708	0.170302
203	-0.657654	-0.317411	0.40729	6.11715	-0.474556
204	5.10009	-0.0754427	0.742382	-0.136504	-0.81229
205	0.0289618	0.539126	6.98272	0.142202	-0.816801
206	0.669912	5.6481	-0.648437	-0.996608	-0.846293
207	-0.468712	-0.802075	0.475932	6.89987	0.80736
208	-0.0185796	6.92465	0.768197	-0.993391	0.853068
209	0.510057	-0.78974	6.88321	0.0665335	0.395106
210	0.453207	0.704473	0.917189	6.9881	-0.974321
211	-0.88701	6.0155	-0.767841	-0.66042	-0.393916
212	0.423295	6.61015	-0.818892	0.0546289	0.821531
213	0.346215	5.2191	0.811759	-0.966765	-0.0909143
214	-0.540464	-0.155923	0.725677	-0.776965	6.76802
215	0.393482	0.388336	6.17508	0.870276	0.337766
216	-0.0965364	6.41593	-0.526064	0.416637	-0.886774
217	0.425266	0.651381	-0.751291	5.48756	-0.0605626
218	-0.717436	0.261179	5.90704	0.520193	-0.947571
219	5.88643	0.301865	-0.230355	0.932638	0.620097
220	-0.819645	-0.606508	5.92345	0.476561	-0.13695
221	5.24216	-0.322546	0.832423	-0.408152	0.563847
222	0.0951944	6.99319	0.159434	-0.121893	-0.0583423
223	0.98134	0.321934	-0.212779	0.63894	5.94958
224	-0.596744	-0.494586	0.100904	0.0259456	5.97709
225	0.664775	-0.740044	-0.543987	5.77999	-0.333482
226	0.531331	-0.325083	-0.860866	-0.0148985	5.50371
227	-0.0791555	0.0581331	0.211008	-0.17023	5.05173
228	-0.397031	0.208475	5.20168	-0.196808	-0.803174
229	-0.982988	-0.738466	6.48139	-0.384317	0.0876365
230	0.75761	-0.508724	-0.697967	6.14948	-0.725496
231	-0.77767	6.86939	0.95383	0.264394	-0.015464
232	0.149644	-0.0295984	0.758804	5.66527	-0.687975
233	-0.0968187	0.908525	0.176138	-0.12051	6.2994
234	-0.94779	6.50918	0.934818	-0.787121	0.987408
235	5.14353	0.356716	0.73524	0.067306	-0.578207
236	-0.968584	6.14087	0.965097	0.468919	-0.252508
237	6.37352	-0.473129	0.822297	-0.0902268	0.590963
238	0.904926	6.51009	-0.123966	0.664146	-0.590253
239	0.708323	5.75294	0.152217	0.234507	0.584613
240	-0.947285	-0.40082	-0.853615	5.28549	0.990204
241	0.317277	-0.846911	5.61234	0.758808	0.735374
242	-0.518755	5.41679	0.132008	0.408994	-0.624451
243	0.592158	0.201204	-0.737438	0.964801	5.11989
244	-0.873517	-0.283467	6.56196	0.554074	0.972157
245	0.990263	-0.271727	0.226474	-0.984208	5.36094
246	-0.017121	0.578935	5.95495	-0.484778	0.263814
247	5.92917	-0.22569	-0.0828735	-0.477424	-0.0594138
248	5.59668	0.716532	0.884943	0.832274	0.161222
249	0.968266	6.62521	0.421712	0.324083	-0.0844423
250	0.871635	5.01478	-0.657323	0.191425	-0.475417
251	-0.3655	0.790055	6.21762	-0.444552	-0.0329182
252	0.656592	0.815413	5.48174	0.509551	-0.145618
253	-0.102217	0.170572	-0.7374	5.54165	0.382871
254	6.0768	-0.841388	-0.599586	0.549084	-0.426303
255	-0.501048	0.230364	0.714019	0.810784	6.2129
256	5.49545	0.129048	-0.677011	0.599631	0.695171
257	-0.917375	5.39198	-0.957337	0.138799	0.490078
258	6.91311	0.130235	-0.758115	0.577988	-0.73205
259	-0.845112	-0.699358	0.811515	6.93791	0.245504
260	5.32817	-0.527359	0.317896	-0.890942	0.996962
261	0.284653	6.64199	0.919232	0.157077	-0.0602475
262	6.41177	-0.995499	0.148932	0.0735414	-0.992087
263	5.54988	-0.0289046	0.772865	0.508833	0.919507
264	-0.539421	-0.748081	-0.332549	6.40391	-0.354503
265	6.08965	-0.40098	-0.0479329	0.831721	-0.789077
266	-0.485337	0.0699945	6.62473	-0.294407	0.949789
267	0.600881	-0.870624	-0.125776	5.17782	-0.238913
268	0.611874	6.63035	0.530945	0.909532	0.759841
269	5.94305	0.534795	-0.673898	-0.0393389	0.998456
270	0.227846	-0.538158	6.75237	-0.190705	-0.53542
271	-0.648871	0.708075	0.121001	6.17361	0.576006
272	-0.923839	0.823157	5.28957	-0.100665	-0.697975
273	-0.474414	-0.86767	-0.0342148	6.09541	-0.366144
274	-0.45344	-0.215864	0.993023	5.51939	-0.756937
275	5.37715	-0.198455	-0.0261622	0.82974	-0.101931
276	-0.355383	-0.281357	0.681265	-0.117619	6.14646
277	-0.143222	0.0966074	6.3623	0.376974	-0.562132
278	0.625447	-0.438232	0.636711	6.93483	0.807254
279	0.336466	-0.50876	5.83063	-0.0400119	0.593586
280	0.604166	6.45901	0.767944	-0.248767	-0.214386
281	-0.499367	5.78027	0.957337	0.40113	0.954565
282	0.912895	6.76746	0.379172	0.318603	-0.857158
283	-0.708616	0.9946	-0.775549	-0.127873	6.20504
284	-0.321228	0.605727	6.31643	0.897331	0.766758
285	-0.315384	-0.763406	0.611951	-0.440649	6.29596
286	0.366729	-0.987942	-0.609468	5.74545	-0.855302
287	6.65807	0.589727	0.389206	0.321231	-0.232038
288	0.0859617	-0.0654456	-0.305891	6.12	-0.610842
289	-0.420575	6.36521	-0.966229	0.984298	-0.549033
290	-0.204096	-0.708578	6.3552	0.705539	-0.0249855
291	0.769063	5.82202	-0.210596	-0.298666	-0.660033
292	0.586575	6.23786	-0.819961	0.944538	0.753201
293	0.183151	0.796043	-0.7111	6.02575	-0.541634
294	0.378681	6.52551	-0.53457	0.543024	0.37967
295	0.786657	-0.757836	-0.52934	-0.180272	5.04726
296	-0.587612	0.38365	-0.297265	0.588076	6.63097
297	6.25629	0.447982	0.964932	-0.454134	-0.375705
298	0.858228	-0.652012	-0.221254	5.88236	-0.795414
299	0.223032	0.483382	-0.984271	6.16254	-0.264609
300	5.62645	0.222569	-0.319163	0.798347	0.103014
301	-0.807758	0.763711	-0.326331	0.721956	5.78822
302	0.763682	0.823376	5.05227	0.834656	-0.070618
303	6.55356	-0.111051	-0.0430701	-0.405004	0.442035
304	0.639477	0.0868884	6.87889	0.389561	0.964832
305	5.62275	0.128871	-0.359639	0.0829483	0.42221
306	0.937244	-0.265015	6.17732	-0.749095	-0.547702
307	-0.921396	-0.756126	0.740642	0.500678	6.98448
308	0.118892	0.37352	5.20326	-0.502225	0.970265
309	-0.406123	0.821244	0.934506	5.41532	-0.0664225
310	-0.864752	0.0658183	-0.401708	6.54601	-0.95686
311	-0.716375	0.109201	0.630309	0.376812	6.2621
312	-0.0468189	0.619869	-0.563665	6.31646	0.794975
313	-0.455593	0.861964	0.407595	0.37557	6.45448
314	0.581638	6.02504	-0.41893	-0.711017	-0.23839
315	5.17577	0.00026641	0.780004	-0.589451	-0.662998
316	-0.0391414	5.47262	0.664599	0.58166	0.849676
317	6.8949	0.195788	0.893102	-0.184313	0.0499216
318	-0.661292	-0.64233	0.559391	0.422653	5.28369
319	5.32161	-0.0637512	-0.862339	0.982773	0.60274
320	-0.0974905	-0.595754	0.229313	-0.152937	6.71163
321	0.596724	5.19696	-0.905013	-0.990748	0.34046
322	0.570691	-0.233771	-0.158825	6.17008	0.289568
323	0.0487726	-0.2648	-0.429602	-0.296447	5.38717
324	-0.181484	-0.0482591	-0.559709	5.89915	0.780172
325	5.87929	0.688986	0.202436	-0.283168	-0.976367
326	5.46239	0.483746	0.640389	-0.559452	-0.177878
327	6.91722	0.960697	0.470917	-0.448382	-0.237264
328	-0.474656	0.503386	-0.112867	0.460712	5.33601
329	-0.26645	0.150757	-0.852699	-0.0818072	5.21326
330	6.59511	-0.750842	0.159842	0.224241	0.857891
331	6.56325	0.0748776	-0.713045	0.209982	0.852128
332	-0.775177	-0.541301	0.681991	6.90407	0.143649
333	0.932698	0.932747	6.61837	0.0412308	0.0197384
334	-0.127756	0.249758	0.945113	0.705054	5.60196
335	-0.672679	0.218381	0.86993	0.434963	5.81634
336	0.332269	0.381113	0.266884	0.433633	5.53956
337	-0.300605	6.0207	0.0425069	0.285746	-0.736212
338	0.0740175	5.11725	0.13366	-0.341793	0.00901437
339	-0.0342551	-0.395774	-0.462322	-0.27943	6.85173
340	-0.442016	0.760964	6.69134	0.192066	-0.165614
341	-0.11723	-0.715317	-0.00451242	6.98642	-0.232045
342	0.824107	6.39605	0.422313	-0.5165	-0.629867
343	5.93267	-0.135199	-0.153348	0.615606	0.145655
344	-0.723711	0.234851	5.31236	-0.00150626	-0.787741
345	0.936295	0.896164	0.947523	-0.84973	6.28678
346	5.03846	0.684815	-0.370233	-0.0917268	-0.790798
347	5.4241	0.877051	0.226595	-0.563137	0.578243
348	-0.669639	-0.194235	-0.802773	5.11516	0.771049
349	-0.107881	0.360382	-0.697038	5.11243	-0.791963
350	0.678455	0.670549	0.119401	-0.8892	6.12603
351	-0.208392	0.480101	5.56718	-0.841711	0.117249
352	-0.903074	-0.261563	-0.00475873	5.3917	0.547021
353	-0.684714	-0.584663	-0.707487	6.93845	-0.293289
354	-0.831692	0.726521	5.46263	0.00595142	-0.412848
355	0.385215	-0.883707	-0.55418	6.23929	-0.931498
356	0.929979	0.87272	-0.404087	0.199633	5.08894
357	0.812086	-0.53124	5.49881	-0.504345	-0.104927
358	-0.628267	-0.857059	6.43183	-0.106014	0.423876
359	5.28092	-0.967383	0.640133	-0.244364	-0.876652
360	5.45106	-0.163649	-0.662301	-0.689409	0.998766
361	0.704455	0.799832	5.32479	-0.892205	0.79549
362	5.82315	-0.987449	-0.882147	0.139214	-0.56317
363	-0.419559	5.79115	0.520609	0.207976	-0.329761
364	5.48467	0.572071	0.24452	-0.501464	0.215689
365	0.398168	0.622802	5.03748	0.110736	-0.25925
366	6.83485	-0.353826	0.337559	-0.805551	0.238498
367	0.3446	0.840705	-0.257175	5.7544	-0.145299
368	0.0182262	-0.430425	0.407995	6.14268	0.200695
369	-0.294716	0.241842	-0.945844	6.43945	-0.110511
370	0.991043	-0.574733	-0.0902827	-0.701816	6.90029
371	0.607607	0.0480931	-0.357973	5.99304	0.267602
372	0.300814	-0.0193177	-0.628453	0.417074	6.63495
373	-0.545222	-0.365032	6.0955	-0.163046	0.383821
374	-0.048122	-0.698979	6.26324	-0.794389	-0.337235
375	0.420437	6.72071	-0.165012	-0.649668	0.774584
376	-0.715355	0.107644	6.14131	-0.979108	-0.20217
377	-0.718736	-0.138367	-0.898715	-0.0809767	6.63082
378	0.268883	0.0433843	-0.287549	0.493675	6.97876
379	-0.949349	-0.890744	0.797659	6.50963	0.74618
380	0.489903	-0.571293	6.57125	-0.807993	-0.0809191
381	-0.998685	-0.652829	5.44043	0.506778	0.200698
382	6.10385	0.438241	-0.800317	0.365123	-0.071893
383	-0.241727	0.216953	0.82039	5.11802	0.992666
384	-0.818263	0.544841	0.486084	6.9715	-0.835982
385	-0.247565	0.795507	6.94071	-0.684331	-0.729022
386	5.01172	-0.612179	-0.4479	0.727764	-0.312144
387	-0.49453	0.534966	5.19117	0.270927	-0.464516
388	-0.518684	0.705733	0.132164	6.75259	-0.617192
389	-0.180668	-0.892358	6.76898	0.0977323	-0.993804
390	-0.561693	0.307224	-0.796316	6.52491	-0.111015
391	-0.956365	6.8519	0.0146052	0.422042	0.38324
392	0.35871	0.517732	0.478794	-0.342266	5.81609
393	6.50969	0.732861	-0.594689	0.534811	0.399582
394	0.861444	5.62262	0.176839	-0.638354	0.764399
395	6.54892	-0.168851	0.082391	-0.090775	0.795326
396	6.01488	-0.0870614	0.114929	-0.0178817	-0.755346
397	-0.500211	0.937373	6.83481	-0.869352	-0.61384
398	-0.816853	0.271392	0.807871	-0.685701	5.33483
399	-0.146125	0.852619	-0.55364	6.06588	-0.614421
400	0.559423	-0.0167297	0.0171443	-0.114733	5.32227
401	-0.945995	0.764907	6.57363	0.336691	-0.78024
402	5.32749	-0.0871136	-0.533503	0.272702	-0.120015
403	0.398274	0.707279	6.32941	0.926027	0.870793
404	5.44211	-0.548038	-0.998046	0.150743	-0.292314
405	5.40565	0.213334	-0.372447	0.0943765	0.29622
406	0.89523	0.386807	0.0672899	0.515769	5.62551
407	5.9456	0.745689	0.170808	-0.536146	0.236391
408	0.208136	0.55133	5.89478	0.803126	-0.586837
409	6.95341	0.691798	-0.549851	-0.0533436	-0.438013
410	-0.982516	-0.848987	0.444479	5.33834	0.707479
411	0.841512	-0.026989	6.58212	-0.541924	0.523309
412	-0.585473	-0.846322	0.776118	0.431083	6.37663
413	-0.590006	0.480524	5.2209	0.00197802	0.0331252
414	-0.464927	5.74732	0.816171	0.975256	-0.827125
415	-0.0414376	5.96904	0.0936688	-0.138567	-0.945188
416	-0.0258514	-0.129298	5.49195	-0.371802	0.112991
417	0.540814	-0.684231	0.0240214	5.53827	0.196704
418	-0.0324331	0.9769	-0.0954019	0.0184308	6.37791
419	-0.49198	5.19407	0.0612781	0.300298	0.620452
420	-0.970188	0.892975	6.59833	-0.189076	0.122047
421	5.68739	-0.940021	-0.108163	0.69884	-0.342059
422	0.36338	0.271794	0.983642	6.98443	0.65131
423	0.771495	5.76027	0.0316965	0.323569	-0.708723
424	0.796094	5.79975	0.189512	-0.082494	-0.509073
425	6.23031	0.860147	0.716982	0.903326	-0.821857
426	-0.76786	5.04096	-0.530941	0.525854	0.293023
427	-0.339282	-0.432888	0.38131	0.639503	5.74202
428	6.44238	-0.0618198	-0.466481	-0.494608	0.905661
429	0.341328	0.58649	0.570207	5.16963	0.619147
430	0.0846341	-0.499529	6.46269	0.602916	-0.854784
431	0.849294	-0.198798	5.11678	0.180481	0.323528
432	0.606663	-0.155908	5.78742	0.927095	-0.851507
433	0.519738	-0.981497	-0.453209	5.33744	-0.747216
434	0.79255	0.0910779	0.177935	5.03216	0.0201494
435	0.800034	-0.789328	-0.781298	5.01365	0.216108
436	5.28748	-0.0776602	0.613147	0.0672462	-0.225732
437	-0.500347	-0.394832	-0.848228	5.47862	0.859812
438	-0.0756119	5.74008	-0.617462	-0.837697	-0.784885
439	-0.753347	5.09601	-0.814141	0.3636	0.186021
440	-0.924012	-0.973267	-0.842636	6.20821	0.311749
441	5.49345	-0.263149	-0.101895	-0.960813	-0.15505
442	-0.729442	-0.493554	5.23023	-0.453062	0.0743544
443	-0.272748	6.82044	0.882728	0.962687	0.940343
444	0.187205	-0.736979	0.838666	6.99667	-0.76
445	5.21222	-0.961228	0.200169	-0.335988	-0.901608
446	-0.744726	0.793852	5.46785	0.128491	0.665944
447	0.520075	-0.213714	-0.064748	5.87586	-0.528409
448	-0.749004	0.148734	0.73721	-0.427999	5.56791
449	-0.134089	0.149977	0.763796	-0.83434	5.48079
450	6.87297	-0.380923	-0.50635	-0.497284	0.813355
451	0.260386	5.14519	-0.172395	-0.850165	0.280881
452	-0.705023	6.92574	-0.382498	-0.305219	-0.336901
453	5.44765	-0.0651427	-0.217938	0.873986	-0.613275
454	5.96645	0.965623	-0.428542	-0.821562	-0.53316
455	5.52242	-0.304209	0.39538	-0.000681635	0.85964
456	-0.601801	5.06637	0.877619	-0.667736	0.144149
457	-0.0201292	0.470282	-0.886177	-0.829697	5.33196
458	0.835679	5.10896	-0.399801	0.2712	-0.641659
459	6.4139	0.328034	-0.304079	-0.39921	-0.866918
460	5.57803	-0.185372	0.40478	0.946748	0.0486837
461	-0.816121	6.04455	-0.481716	-0.253765	0.166567
462	-0.251557	-0.258616	0.517046	0.257605	6.52064
463	-0.391565	6.37427	-0.29202	-0.533813	0.434152
464	0.274899	0.411432	0.971556	-0.638027	5.27332
465	0.829747	0.0784529	0.0799301	6.14939	-0.444437
466	-0.50727	0.196204	6.56154	0.311211	0.918425
467	-0.823255	-0.373758	0.424663	6.83306	-0.94043
468	-0.217241	-0.909663	0.951745	-0.588174	6.88639
469	-0.678503	0.93059	5.02139	-0.389255	-0.455781
470	5.46197	-0.673979	0.958364	0.0713837	0.497396
471	0.535867	-0.890831	6.3859	0.400239	-0.195048
472	0.414722	-0.54921	5.48163	0.755512	-0.187488
473	-0.870951	-0.616233	0.293599	0.334205	6.26437
474	0.230062	0.0866024	0.285649	-0.817896	6.64765
475	-0.0494014	0.923938	0.703044	6.40221	-0.881522
476	-0.244337	6.00601	-0.021495	-0.0398476	0.327212
477	0.874831	0.887788	-0.494007	6.69994	-0.889757
478	0.0324055	0.848229	-0.960968	5.01849	0.475087
479	0.375333	6.77638	0.0757731	0.628988	-0.768697
480	-0.995378	0.285335	5.13572	-0.895764	-0.0270459
481	-0.263114	-0.0744792	-0.890265	-0.431319	5.59287
482	-0.492217	-0.136717	0.3707	6.07535	-0.208153
483	6.23949	-0.658315	-0.484326	0.206331	0.0733498
484	-0.977877	-0.943758	6.31459	-0.0201126	-0.973485
485	0.819501	5.02199	-0.530459	-0.427014	0.449494
486	-0.177269	0.822563	5.89593	-0.82017	0.166932
487	-0.320561	0.0872874	5.90836	0.766766	-0.482633
488	5.33593	-0.104648	-0.274838	-0.372433	0.0425652
489	-0.36326	0.823546	6.79949	-0.221497	0.959715
490	0.226479	0.250865	-0.0882578	5.50632	0.390212
491	0.312637	-0.247336	0.291164	0.615635	5.48305
492	-0.159373	6.8866	0.0534176	-0.0032334	0.666378
493	0.249557	0.984245	0.792235	0.693256	5.97041
494	-0.543359	-0.827174	0.451855	5.5672	-0.88751
495	-0.195988	0.541345	6.74771	-0.885287	0.440682
496	-0.642448	5.75246	0.170297	0.487004	-0.598646
497	0.115339	-0.445336	0.894264	6.92297	0.178718
498	0.213555	0.91647	0.261183	5.91645	-0.52472
499	0.116319	5.25611	0.490486	0.369215	0.971696
500	-0.301808	6.51274	0.149427	0.554131	-0.826294
501	0.386519	0.763281	-0.10778	-0.702539	6.9547
502	0.738002	6.48137	0.636541	-0.205238	0.134994
503	-0.122342	-0.540564	-0.59448	6.56386	-0.547564
504	0.526676	6.16767	0.125268	0.515027	-0.570612
505	0.32735	0.681874	6.94606	0.658622	-0.59347
506	0.0341372	6.27622	-0.679431	0.320967	0.652857
507	0.938379	0.508461	0.102782	0.583758	6.9805
508	0.118124	-0.877352	0.949731	5.87276	0.665625
509	6.28318	-0.644175	-0.0667833	-0.724859	0.558058
510	0.396931	0.92673	6.33201	0.0773029	-0.896847
511	6.51921	-0.222005	-0.790352	0.989301	0.464971
512	-0.932233	5.99042	-0.368338	-0.442827	-0.310534
513	0.740606	5.43258	-0.127364	0.562877	-0.650029
514	0.457244	-0.196682	5.74942	-0.798557	0.936713
515	0.625237	-0.182409	0.356251	-0.168458	5.389
516	0.0350548	0.773825	0.43861	-0.70804	5.27993
517	0.384982	0.998527	-0.822085	5.86746	-0.945527
518	-0.555859	-0.60983	0.147941	5.02623	-0.814255
519	-0.403727	-0.265877	-0.405157	0.805443	5.94123
520	0.20727	0.919416	-0.0356313	0.335355	6.60574
521	5.8579	0.618086	0.256055	0.870555	-0.0748967
522	-0.0104564	5.18684	-0.963561	-0.891815	0.20403
523	5.71102	-0.0959613	-0.743918	-0.977143	0.494635
524	0.0293078	6.06315	-0.38226	0.337045	-0.937374
525	0.835002	0.167421	-0.864262	5.00092	-0.141643
526	0.857137	6.56424	-0.173303	0.851887	-0.492777
527	0.771191	-0.169065	5.50354	0.408131	0.545923
528	0.953911	6.56122	0.73614	0.618891	0.454896
529	-0.07388	0.299565	-0.863481	5.63844	-0.105137
530	0.635592	5.76878	0.8408	-0.104204	0.909401
531	5.95039	-0.360307	0.604287	0.641353	0.0500819
532	-0.00176483	0.532664	-0.181024	-0.94818	6.19506
533	0.666191	-0.491784	5.56438	-0.994403	0.364003
534	-0.235573	0.736035	0.76551	0.590797	6.8792
535	-0.775637	5.16966	0.782009	0.0873579	0.650131
536	-0.229571	-0.981478	5.7842	0.213779	0.302863
537	0.379872	5.93291	0.975557	-0.0333998	-0.610925
538	-0.353054	6.66315	0.245802	0.242893	0.792945
539	0.779529	6.87454	0.73044	0.423797	-0.635438
540	-0.229755	-0.107083	6.57606	-0.295386	-0.122927
541	0.0348201	-0.708287	6.43421	0.993419	0.136215
542	-0.75267	5.73189	-0.537247	0.538597	-0.0340658
543	-0.860268	6.06009	0.0622404	-0.735961	-0.274707
544	-0.0348528	0.501697	0.669744	6.6541	0.733864
545	0.977523	5.61358	0.833956	0.381521	0.844421
546	-0.091341	-0.72222	0.656321	-0.132652	5.78
547	0.744328	0.807887	0.769281	-0.0967441	6.38659
548	-0.0135463	-0.0313448	-0.639765	-0.514011	5.48607
549	-0.46043	0.697093	0.92573	-0.202331	6.75591
550	0.456028	-0.471477	-0.311294	0.84377	5.51948
551	6.64984	0.460471	-0.540843	0.780134	0.984993
552	-0.959088	0.413509	0.597882	-0.742083	6.66504
553	5.06333	0.7241	-0.0294204	0.223661	-0.112136
554	0.913613	0.881892	-0.41185	-0.370441	6.76355
555	-0.0897027	-0.506401	0.537042	6.87794	0.778541
556	-0.442583	0.762623	0.0478945	5.79186	0.385665
557	0.164053	5.20396	0.236902	0.810803	0.945849
558	6.46255	-0.39187	0.472824	0.94128	-0.0174622
559	0.301462	-0.579916	-0.176434	5.94983	0.639189
560	0.14293	0.334155	6.49929	-0.517164	0.158721
561	6.98956	-0.03198	-0.523688	-0.252164	0.52402
562	0.286494	0.781966	-0.512158	6.10984	0.129451
563	0.0643751	0.0244332	6.86098	0.9013	-0.997498
564	5.46615	0.85074	-0.202104	-0.333099	-0.734273
565	0.764407	5.03953	-0.111965	0.124775	0.912688
566	-0.855289	0.0791159	-0.921641	5.58619	0.225117
567	-0.985287	0.932021	-0.883071	5.06297	0.819343
568	-0.907685	-0.305988	0.896964	-0.71935	5.21778
569	0.925441	0.260365	6.13811	0.241446	-0.156418
570	-0.618562	0.543602	5.75624	-0.156894	-0.550642
571	0.963791	0.95843	-0.0821276	-0.907196	5.60794
572	6.63934	-0.574867	0.548425	0.765944	0.230653
573	6.00156	0.602452	0.745899	-0.549087	0.513662
574	5.79155	0.913006	-0.732267	-0.986122	-0.450645
575	0.323333	0.250851	0.807457	-0.185948	6.82746
576	-0.126129	5.77141	-0.331051	-0.979472	0.00194016
577	-0.722799	6.61196	0.57261	-0.832886	-0.505751
578	0.335201	0.68797	0.909698	0.620829	5.19884
579	-0.665306	5.51041	0.367496	0.556467	-0.37383
580	0.150685	6.44234	0.175486	0.506812	-0.903274
581	-0.993841	-0.220824	-0.964103	6.41063	0.905987
582	0.81919	-0.343843	6.61951	0.112125	-0.173029
583	0.991875	-0.285211	6.3821	0.0284462	-0.737593
584	0.625224	0.199893	6.30238	-0.968799	0.56043
585	0.15614	0.938157	0.365007	0.692327	6.18209
586	5.57535	0.66816	0.748622	0.781701	0.406151
587	6.08599	-0.846868	0.516422	0.699367	-0.963892
588	0.275173	-0.866157	6.59616	0.368008	0.444302
589	5.50377	0.178948	-0.903562	-0.691831	-0.27909
590	6.78792	-0.875899	0.9679	-0.0209861	-0.0401038
591	6.73145	-0.158779	0.727975	-0.537958	-0.12695
592	0.260938	0.492919	0.465272	-0.991883	5.78716
593	5.23347	-0.952256	0.200709	0.428373	0.391375
594	-0.209111	0.272638	6.89015	-0.513894	-0.157517
595	-0.50452	5.61035	0.280494	0.590419	0.307957
596	5.43794	0.180375	0.997278	-0.461684	0.0329209
597	-0.990279	0.172564	6.90496	-0.462774	0.220409
598	6.4043	0.431379	0.237134	0.188611	0.816827
599	5.99781	0.0167386	-0.960339	0.0311138	0.571463
600	0.556523	0.0262935	-0.543535	0.463754	5.60511
601	-0.474102	6.18276	-0.65167	0.822872	-0.591015
602	-0.783128	-0.997905	5.06342	-0.920259	-0.257935
603	0.219533	-0.396383	5.7422	-0.716914	0.824565
604	-0.362439	-0.329503	0.144593	6.08716	0.261767
605	6.66082	0.901274	0.472053	0.870514	-0.457819
606	-0.0589988	5.78252	0.299445	0.12823	-0.784752
607	-0.137542	6.52098	-0.242534	0.922453	-0.697939
608	-0.359732	5.47445	0.293192	0.614628	0.0386745
609	-0.617028	0.90292	-0.881744	5.47561	-0.896283
610	-0.335821	0.837806	0.324867	-0.229373	6.9273
611	0.646911	0.245127	6.40853	-0.481829	-0.107837
612	-0.00712254	-0.749172	-0.313042	6.79459	0.536436
613	-0.651585	6.0503	-0.384141	-0.0893593	0.309291
614	5.04507	-0.595734	-0.701233	-0.576616	-0.299493
615	0.473951	-0.230743	0.438736	0.29783	5.96283
616	-0.540704	0.51051	5.81928	0.647854	0.196036
617	-0.347691	-0.356828	0.635232	0.0136415	5.07226
618	0.816896	-0.189164	0.960287	0.680543	6.54211
619	6.02103	0.290116	0.665791	0.991163	-0.0115136
620	-0.354994	5.65186	0.86759	0.791595	-0.771311
621	0.714301	-0.175552	0.852828	5.29639	0.188305
622	-0.58465	-0.193687	0.552867	6.30737	-0.777097
623	5.91619	0.637629	-0.773468	0.171662	0.03129
624	0.0557271	-0.428517	0.255854	-0.943279	5.15045
625	-0.680628	0.398894	5.06375	-0.984995	0.904685
626	-0.575074	0.493394	6.31832	-0.216678	-0.942737
627	-0.384807	-0.312134	0.993192	5.88011	-0.582599
628	0.208598	0.840162	0.606848	5.81461	-0.654434
629	0.43608	5.19729	0.39629	-0.790888	-0.679725
630	-0.350521	0.585374	5.23002	0.521548	0.328054
631	-0.20078	-0.104359	6.94718	-0.226663	-0.720652
632	-0.645784	-0.151051	6.18074	0.220596	0.880438
633	0.243216	0.570465	-0.988525	6.43002	-0.819157
634	5.28959	0.492986	0.0611615	-0.60875	-0.493852
635	0.177701	-0.906639	0.873312	6.61544	-0.77158
636	0.417494	0.532534	0.117974	5.2707	0.934451
637	0.0150111	6.24625	-0.397881	-0.712858	-0.376109
638	0.689886	-0.517866	-0.334314	6.01289	0.121363
639	-0.209223	-0.211536	6.94142	-0.603837	0.175899
640	-0.194285	0.850518	5.11533	0.846448	-0.0780061
641	5.91398	-0.40976	-0.985603	0.841589	-0.987675
642	0.681448	5.43761	-0.775913	-0.390167	-0.049929
643	0.692336	5.26965	0.983361	0.208744	0.304747
644	-0.857349	0.505424	6.3675	0.662627	0.975931
645	6.63983	0.983736	0.871981	-0.0198602	-0.253355
646	5.71085	0.305106	0.933556	-0.476113	-0.220143
647	-0.584894	0.202969	0.167271	5.54835	-0.107975
648	-0.828498	0.869493	5.51579	0.0100307	-0.701166
649	-0.313984	-0.911981	-0.196065	-0.0114502	5.43715
650	5.86419	-0.867514	0.664819	0.00180159	-0.699234
651	0.28492	0.0566633	0.753828	5.91932	0.869751
652	-0.471272	-0.537909	0.0485769	6.20373	-0.738649
653	0.983668	-0.291011	-0.378437	6.7507	0.901151
654	-0.763299	0.462449	6.17826	0.421393	-0.374498
655	6.22645	0.67808	0.301098	-0.429661	0.122913
656	-0.634073	6.40698	0.363599	0.853774	0.104594
657	0.808147	-0.548616	-0.821709	5.7735	0.318392
658	0.268027	0.904703	0.724012	6.89245	-0.90968
659	-0.671313	0.0414318	0.0389492	6.87457	0.00675209
660	-0.78887	0.720315	-0.739287	5.87096	-0.284369
661	-0.32095	0.489775	6.10139	-0.0228936	0.976115
662	6.17818	-0.664156	0.220056	0.840758	0.743546
663	6.0649	-0.907038	0.686929	0.40128	-0.587782
664	0.78384	0.130017	6.89447	-0.42148	-0.749892
665	-0.506031	-0.661813	-0.766444	-0.532653	5.40488
666	6.77786	0.12609	0.0111349	-0.483135	-0.277665
667	0.329636	5.4295	-0.825695	0.187127	0.506438
668	0.367315	6.56832	0.0503373	-0.105239	0.644732
669	-0.0663229	0.870637	-0.621869	0.422635	6.42636
670	0.456033	-0.303844	-0.123458	5.17507	-0.685484
671	6.61166	-0.92089	-0.60114	-0.558103	0.259978
672	0.587139	0.717325	0.848692	0.371487	6.19317
673	0.111028	0.870356	6.15191	-0.694836	-0.91761
674	0.176012	6.98656	0.542212	-0.515021	-0.0628277
675	-0.777531	6.34077	-0.616603	-0.821109	-0.0960758
676	0.359787	5.74026	-0.327599	-0.00151047	-0.335371
677	-0.718337	0.153803	-0.782136	6.09221	0.974457
678	0.807265	-0.336513	0.62234	-0.897932	6.23852
679	-0.0636544	6.84917	-0.892327	-0.680924	0.224923
680	0.903994	5.73055	0.172403	-0.359639	-0.0455402
681	0.656379	6.01919	-0.663597	-0.279906	0.678859
682	5.07817	0.0677704	-0.256209	0.879673	0.0934354
683	0.930408	0.65299	6.06685	0.404717	-0.228659
684	0.94951	-0.751395	5.69673	0.524503	0.901184
685	-0.262419	5.34514	-0.701093	0.715098	-0.768699
686	-0.173051	0.932271	6.73878	-0.893951	0.495584
687	0.231143	-0.12759	-0.00638655	0.776971	6.52564
688	0.253032	5.23374	0.517927	0.319361	-0.305116
689	5.80273	0.693926	0.632567	-0.742613	0.0486196
690	-0.731848	0.876341	0.260525	5.44811	-0.119218
691	-0.697793	5.09887	0.383013	-0.931535	-0.180591
692	6.93994	-0.367748	0.225283	0.92677	-0.0316956
693	-0.076891	-0.966965	-0.98264	-0.356859	5.03898
694	5.84932	-0.965315	-0.873406	0.147396	0.692446
695	-0.577714	-0.187477	6.63377	0.199351	-0.90769
696	-0.0475466	-0.814039	-0.0482409	0.0656027	6.96015
697	0.998203	0.44028	-0.583745	0.304445	5.46171
698	-0.25573	-0.82523	-0.340547	6.96666	-0.556
699	-0.272362	-0.582056	-0.426528	5.89244	-0.921332
700	0.683871	-0.743175	0.526037	0.666133	6.10168
701	0.695851	0.305333	-0.87821	0.494274	6.29278
702	0.58255	5.00328	0.458026	-0.899167	0.464124
703	-0.00238725	0.0844796	-0.101604	-0.105014	6.3658
704	-0.957956	-0.013956	0.57414	0.344051	5.6972
705	5.62015	-0.731111	0.142903	0.246557	0.767894
706	0.318525	0.946262	-0.721546	0.539621	6.26665
707	-0.222254	0.0389052	5.90542	0.407846	0.344491
708	-0.547582	0.370039	-0.966355	-0.918201	6.66248
709	0.27074	-0.0358724	6.04911	-0.586334	-0.721292
710	0.583886	-0.970787	5.69497	-0.438042	0.810218
711	0.388929	5.556	0.517558	0.264551	-0.878153
712	-0.606787	0.711207	0.68763	0.758081	5.17977
713	0.52371	0.339303	6.24891	0.812616	0.0728934
714	0.946318	0.544227	-0.445054	6.64652	0.375659
715	0.166521	0.0246751	6.21513	-0.763227	-0.90209
716	0.0159475	-0.677755	0.92466	0.0584031	5.69651
717	-0.479815	0.164311	-0.104496	5.87812	-0.962482
718	0.993269	0.0223459	6.13723	0.712905	0.547553
719	0.0689937	5.6837	-0.926158	0.351765	-0.539978
720	5.31005	0.916074	0.561405	-0.435319	-0.596852
721	0.541675	0.019136	-0.83187	-0.0951227	5.50058
722	6.7117	0.13852	-0.294988	-0.995864	-0.703455
723	-0.925489	-0.401078	5.41456	0.228257	0.56924
724	-0.113107	-0.999295	0.364231	-0.0666893	5.60497
725	6.70406	0.0365093	0.0125003	-0.280063	-0.572678
726	5.15001	0.0840811	0.947351	0.186345	-0.38487
727	5.51408	0.512335	-0.281925	0.71935	-0.361967
728	-0.589423	0.610466	0.702205	5.5643	0.288701
729	-0.449619	0.985265	-0.355039	0.530498	5.62086
730	0.26181	0.0555601	-0.780882	6.96609	-0.237366
731	-0.30916	-0.532501	-0.187101	6.92697	0.494907
732	0.894861	5.10293	-0.588829	0.210095	-0.337674
733	0.661738	-0.229393	-0.110008	6.01901	-0.104373
734	0.61895	-0.982485	5.3944	-0.420613	-0.158002
735	-0.037762	-0.635083	5.72542	0.515635	-0.506846
736	-0.520664	-0.815315	0.573743	-0.0560492	6.64239
737	-0.647927	0.175145	6.93084	-0.566081	0.251046
738	5.60529	0.272453	-0.181935	0.561191	0.88647
739	5.27257	0.962764	-0.496472	-0.923883	0.437332
740	6.33336	0.362069	0.566461	0.146887	0.180646
741	5.26275	-0.90946	0.0887827	-0.635937	-0.983632
742	-0.475259	5.50885	0.220182	-0.357651	-0.218766
743	0.149038	0.198214	6.26164	-0.0160684	-0.647321
744	-0.318484	5.87476	0.310534	-0.156002	-0.926518
745	-0.0608605	6.09319	-0.841791	0.0571647	-0.694108
746	0.945889	-0.0812984	6.13828	0.0119824	0.449672
747	0.751085	6.99954	0.0839422	0.918591	-0.57402
748	6.5433	-0.0876993	-0.33838	-0.149705	-0.669665
749	-0.995289	-0.966714	0.873196	6.19201	0.707572
750	0.308038	0.578725	-0.861459	5.30742	-0.984845
751	0.0903343	-0.126142	6.82163	-0.266709	0.636094
752	0.231356	-0.399412	-0.869726	-0.319929	5.63207
753	-0.946708	-0.266312	-0.188972	6.08312	0.934664
754	-0.520748	0.934193	-0.328678	5.53732	-0.825527
755	-0.904024	0.379661	6.9846	0.192096	0.172627
756	0.855667	0.900834	-0.958953	5.00644	-0.00133561
757	-0.210343	5.38834	-0.0448119	0.501635	0.245849
758	-0.583989	0.993489	-0.856323	-0.876118	5.24121
759	5.76061	0.537811	-0.664558	0.128256	0.576355
760	-0.818618	-0.293759	0.00691005	-0.515401	6.98211
761	6.20051	0.127157	0.23499	-0.816417	0.105055
762	0.268327	-0.374496	0.489091	6.54317	0.424078
763	5.93551	-0.509058	0.184401	-0.245545	-0.625443
764	0.504709	-0.383181	5.72771	0.689227	-0.333656
765	0.651675	-0.981113	5.19363	0.306008	0.809327
766	0.0377181	0.914846	-0.771771	0.734682	5.5166
767	5.4771	0.337028	0.12333	0.0451767	-0.548883
768	-0.198401	0.279284	0.572309	0.65153	6.0117
769	0.859646	0.74202	-0.247438	-0.752949	5.88774
770	-0.289157	0.389614	0.453983	-0.587779	5.36673
771	-0.0680379	-0.321207	-0.595235	-0.284476	5.21134
772	0.812581	6.13988	0.566703	0.526829	-0.947146
773	0.534769	0.329646	-0.657754	-0.666428	5.78316
774	-0.150473	0.309884	6.38314	0.396132	-0.00319319
775	0.0457286	0.407943	0.070158	5.78167	0.203554
776	6.91658	-0.531093	-0.719252	-0.639902	0.524099
777	0.698105	6.84613	-0.362213	-0.85375	0.480086
778	0.0576359	5.26778	0.750403	-0.752475	0.634331
779	5.2745	-0.867383	0.600731	-0.854549	0.813422
780	0.799713	-0.937387	-0.0640223	5.10377	-0.355381
781	0.683809	0.948349	5.50888	-0.318105	-0.506891
782	0.664391	-0.200812	6.25831	-0.392956	0.695911
783	0.706746	-0.482692	5.11712	0.125139	-0.639524
784	-0.0677128	0.569195	6.79344	0.736058	0.425512
785	0.0384889	6.46305	-0.733426	-0.718946	0.174782
786	0.0852567	0.83905	0.145644	-0.17084	6.05696
787	-0.685972	-0.510261	0.0367804	-0.154717	5.17173
788	-0.590372	0.149597	0.851077	-0.997191	6.97992
789	5.60762	-0.510895	-0.178006	-0.732876	0.177667
790	-0.471278	-0.975069	6.28218	0.574556	-0.738368
791	0.33378	6.4537	-0.0613935	-0.811904	-0.152073
792	-0.71532	5.04117	-0.857711	-0.994748	0.122811
793	0.323848	0.402181	-0.252957	0.97887	5.41014
794	-0.455024	-0.517306	-0.805989	-0.192538	5.587
795	-0.0359707	6.19491	-0.313736	0.0148862	0.696387
796	5.86018	-0.336506	0.468367	0.542763	-0.161288
797	-0.894185	0.105069	-0.632703	-0.76931	6.15322
798	6.03419	0.334679	-0.678558	-0.981412	0.934271
799	5.35086	-0.514036	-0.640326	-0.670384	0.538634
800	0.200115	-0.287447	0.305905	-0.841994	6.46765
801	0.795583	0.447207	6.99882	-0.0247274	0.282843
802	-0.411844	5.14404	-0.243148	0.274659	-0.710548
803	0.528957	6.75583	-0.169718	0.699934	-0.62442
804	0.574745	0.905864	-0.866605	0.168577	6.23386
805	6.49215	-0.475063	-0.594914	0.177565	0.305927
806	0.00517608	0.417309	5.0605	0.385744	0.359947
807	5.79605	-0.271623	0.0213286	0.738252	-0.111428
808	0.123509	0.496272	0.416659	5.83206	0.0809994
809	-0.40809	0.829075	5.63877	-0.881362	-0.573227
810	5.19718	0.706135	-0.11314	-0.77219	-0.702085
811	0.242253	0.875261	5.25036	-0.281868	-0.587862
812	0.0113839	6.64843	-0.0518047	0.322075	0.532848
813	0.947221	0.352864	0.734018	0.479499	6.26515
814	0.828727	-0.330869	6.80115	0.155306	-0.243091
815	-0.316738	-0.143643	-0.247545	5.70593	0.229533
816	0.0889495	5.22526	0.519459	0.00695516	0.286008
817	0.335284	5.20212	-0.317947	-0.500387	0.89049
818	-0.503269	0.783676	6.96276	0.897175	-0.270215
819	0.640939	6.23608	-0.550342	-0.73896	0.317296
820	6.21131	-0.893677	-0.56853	-0.803974	0.199564
821	0.132012	5.50919	-0.149308	0.863284	0.453149
822	6.83603	0.248712	-0.0349174	0.283293	-0.545048
823	-0.553834	5.61826	-0.0138898	-0.773949	0.0626072
824	0.555678	-0.956798	0.761902	-0.739348	6.41186
825	5.15208	-0.00417502	-0.165492	0.564669	-0.940684
826	6.45413	0.631617	0.854982	0.279149	0.465096
827	0.728245	-0.255379	6.1001	-0.678871	-0.274324
828	-0.111593	-0.91217	0.972003	6.94664	-0.902816
829	0.859564	0.530171	0.438397	5.36793	-0.569084
830	0.789725	0.760637	-0.240018	0.819177	5.86912
831	5.53081	0.361209	0.892213	-0.894402	-0.108506
832	-0.764112	5.21653	0.395974	0.977349	0.126545
833	0.171591	5.7919	-0.0601838	-0.1722	0.979263
834	-0.411844	5.31844	0.362869	-0.0286163	0.221912
835	-0.342575	0.839825	-0.441871	0.781813	5.0857
836	-0.0127782	-0.76778	-0.897503	0.759178	5.05934
837	0.874061	-0.919594	5.55628	-0.157322	-0.385734
838	-0.613176	6.73203	-0.349118	-0.0766789	-0.85358
839	-0.0973901	0.0966355	5.16415	0.525426	0.235837
840	-0.439044	6.29991	0.401445	0.0839222	-0.204205
841	0.0575138	0.327901	0.366748	0.777173	5.89156
842	-0.770722	0.619552	5.20644	0.0677175	-0.984379
843	0.39465	5.42205	-0.559551	-0.38309	-0.21767
844	-0.78129	-0.506093	0.103478	0.642616	6.96236
845	0.411063	0.624576	5.03485	0.595302	-0.236018
846	-0.30106	6.5976	0.913809	0.326291	-0.938994
847	-0.726261	0.025575	5.85362	-0.0217368	-0.439955
848	5.27295	0.735964	0.757892	-0.48643	-0.595603
849	0.926401	0.0137037	0.0443308	-0.829544	6.02488
850	0.613295	5.68159	-0.0226277	-0.00570056	0.554478
851	0.19784	5.11194	0.0541816	-0.145262	0.439522
852	0.355554	-0.957076	6.24015	-0.674425	-0.737055
853	0.816886	0.641541	0.709789	5.94614	0.156276
854	-0.233085	6.79631	-0.331728	-0.151769	0.921715
855	0.232609	6.21317	0.43589	-0.445152	0.061255
856	0.601977	0.74455	5.16878	-0.473813	0.918922
857	-0.0430595	-0.209153	5.29295	-0.974419	-0.504522
858	6.72407	-0.676589	0.849934	0.63468	-0.0949607
859	0.416435	-0.240765	5.57223	-0.978981	0.0149499
860	-0.29605	5.85461	0.653261	0.992739	0.517842
861	5.87055	0.882197	-0.30034	-0.708399	0.939877
862	5.50785	-0.485708	0.129634	-0.831113	0.288677
863	-0.827617	0.0871992	0.283456	-0.840426	5.4401
864	6.90248	-0.596431	-0.973791	0.748303	0.0728428
865	-0.267637	6.87971	0.104624	0.566817	0.674407
866	0.192449	-0.0563689	6.35231	0.057041	-0.552172
867	-0.384198	6.94182	0.61707	-0.46064	-0.937805
868	-0.734869	-0.242188	6.49054	-0.219823	-0.00459363
869	0.765292	6.69322	0.488425	-0.144689	-0.869192
870	-0.87458	5.27986	-0.655516	0.651978	-0.0853708
871	0.964666	0.477531	6.50752	0.246149	0.428755
872	-0.162483	-0.745045	6.94466	-0.501516	-0.910091
873	0.399031	0.570739	0.029896	0.362265	6.35177
874	0.899437	-0.176457	-0.0797569	0.566614	5.71563
875	-0.175969	-0.00706707	5.8016	-0.015415	0.339776
876	-0.314546	0.632793	-0.815669	-0.100933	6.00318
877	5.04307	-0.253334	-0.878358	-0.91801	-0.635478
878	0.235543	0.0204368	-0.878164	6.71536	0.374368
879	5.47677	-0.953829	-0.0947408	0.920558	0.622084
880	0.261949	-0.680741	6.24606	-0.929462	-0.20878
881	0.306951	0.0907354	-0.523404	0.629935	6.06291
882	-0.278059	0.108419	5.08386	0.0656987	0.824022
883	6.48797	0.849076	0.402736	-0.450775	-0.781314
884	0.988079	0.374645	-0.0538151	0.0295868	5.78728
885	-0.987717	0.108413	-0.911308	6.1513	0.566963
886	6.78375	0.256095	-0.0119165	-0.895443	0.735009
887	-0.208291	5.65565	0.891821	-0.0299678	0.460549
888	5.81721	0.694396	0.395973	-0.242692	-0.26116
889	-0.660149	-0.67775	-0.543077	6.06119	0.607808
890	-0.198784	5.84345	-0.504684	0.309429	0.501795
891	6.91291	-0.601993	0.863883	-0.497841	-0.403886
892	-0.621842	0.30477	0.268977	-0.226663	6.65459
893	0.371335	0.478917	-0.0912907	5.96662	-0.157657
894	-0.329172	5.54321	-0.260045	-0.857079	-0.585517
895	0.953419	6.60549	0.150971	0.642583	0.842756
896	0.00573586	6.58532	0.689096	-0.979221	-0.12767
897	-0.903587	5.80599	-0.494862	0.234136	0.335108
898	0.906906	0.913276	0.846558	5.68057	0.358963
899	0.201383	5.87948	0.0994028	0.248171	0.000416312
900	-0.690449	-0.70022	0.331433	0.559359	5.75693
901	0.0244399	6.91791	-0.753225	0.24295	-0.289443
902	5.7879	0.566936	-0.718314	-0.31008	0.572424
903	6.20172	-0.875415	0.17321	0.153758	0.599112
904	5.18668	-0.460274	-0.183674	0.7947	-0.754285
905	0.315811	6.94508	0.155989	-0.674354	-0.840982
906	0.32279	-0.481599	-0.823943	-0.861842	6.58519
907	-0.845765	0.486091	-0.906004	0.603797	5.80629
908	0.574537	0.189262	-0.454134	-0.695121	6.68421
909	0.728146	0.459848	0.722889	0.477095	6.6587
910	6.81788	0.891864	0.529856	0.29941	-0.883595
911	-0.680554	6.69221	-0.986956	-0.970632	-0.404102
912	6.0775	-0.941904	0.114757	-0.500184	-0.981715
913	-0.373243	-0.829981	0.855667	-0.29915	5.72725
914	-0.771712	6.98338	0.759194	-0.00978626	-0.246293
915	-0.369629	-0.0864489	-0.660381	5.73385	-0.174632
916	0.2898	-0.0962397	0.292385	6.47856	-0.252369
917	-0.340095	5.69184	-0.467573	0.2217	-0.859933
918	0.64899	-0.192125	-0.881995	5.38401	0.364042
919	6.20606	0.868362	0.146278	0.426339	-0.341588
920	6.62252	-0.723017	0.754457	-0.135514	0.305683
921	0.273894	0.310341	-0.878165	5.42394	0.550648
922	0.88295	0.697963	5.46417	0.802953	0.495486
923	-0.744615	-0.0664966	0.125111	5.86179	-0.547791
924	0.876176	-0.66943	5.69904	-0.163121	-0.682498
925	-0.829893	0.844589	0.3601	5.70393	-0.100309
926	5.0642	-0.173136	-0.985869	-0.747491	0.414798
927	0.19315	5.4947	-0.0830378	-0.861336	-0.781289
928	0.664123	0.521837	-0.247421	6.24086	0.562257
929	0.201929	5.86046	0.490666	-0.717033	-0.247631
930	0.606509	-0.684277	0.722354	0.29483	5.01436
931	0.931205	-0.135778	5.98124	-0.920206	-0.731159
932	0.162376	-0.125321	-0.218651	5.40315	0.254123
933	-0.596796	0.471876	0.432166	0.853896	6.991
934	-0.333748	6.37732	-0.8964	-0.0202605	0.0455172
935	-0.933651	-0.542532	0.61689	5.90013	0.864806
936	0.769935	-0.981611	6.97519	-0.89205	-0.610586
937	-0.705832	0.810366	0.468679	-0.250462	5.93776
938	-0.484893	0.931258	0.759984	6.24246	-0.076987
939	0.515477	0.759105	-0.0450403	6.26845	-0.708351
940	0.996056	5.64632	0.313765	-0.281645	-0.974127
941	-0.476239	5.75768	0.0911283	-0.499333	0.125539
942	-0.556322	5.03728	0.740696	-0.640751	-0.553705
943	-0.00539229	0.445608	-0.37026	6.29944	0.79859
944	0.778968	0.748799	-0.26488	-0.0173606	6.13127
945	-0.497046	-0.774687	-0.704378	-0.844393	5.87453
946	0.821482	-0.217457	0.917585	6.66046	-0.717191
947	-0.946173	0.847914	-0.820067	-0.629393	5.21083
948	0.213779	0.467763	-0.022098	5.11245	0.399246
949	-0.57611	0.62622	-0.462561	-0.482074	5.14991
950	-0.473681	0.0878319	-0.549513	6.49814	0.0833415
951	-0.731075	-0.361579	5.11191	0.369701	-0.996341
952	6.67201	-0.270905	0.94991	-0.929753	0.13291
953	-0.447495	-0.711879	5.38213	-0.647678	-0.0912969
954	5.63104	-0.00498366	-0.0269	-0.286348	0.316288
955	-0.821497	0.831664	0.312314	5.79171	-0.369349
956	6.04842	-0.477774	0.0940013	-0.403418	-0.343285
957	-0.607842	0.220903	6.51425	0.79426	-0.194007
958	-0.426483	0.889758	6.95646	0.837523	-0.361208
959	-0.00317966	-0.133807	0.897491	5.31404	-0.818902
960	-0.954439	5.27074	-0.437839	-0.182207	0.940122
961	6.41003	0.425718	-0.772679	-0.0443636	0.195566
962	-0.87649	-0.464897	0.963942	6.44818	0.395847
963	-0.160031	-0.653169	0.187462	0.641493	6.16982
964	0.737334	6.18945	0.199221	0.670613	0.111042
965	0.661092	-0.036922	-0.0147591	6.22725	-0.109582
966	-0.615937	5.3838	0.28253	0.803354	0.383611
967	-0.691592	6.64467	0.421849	0.445399	-0.847411
968	6.76389	-0.329959	-0.560259	-0.784759	-0.889812
969	-0.371192	5.05178	0.748664	0.867458	-0.603103
970	-0.58057	6.52372	-0.0992868	0.730354	-0.896288
971	6.52238	0.860391	-0.741261	0.548588	0.969737
972	-0.533442	-0.239383	5.65441	-0.938012	0.577278
973	0.916007	-0.632866	-0.124899	-0.729663	6.78115
974	0.671602	-0.361888	0.210191	5.22622	0.0620046
975	-0.733708	-0.0382465	6.49509	-0.598548	-0.440929
976	0.331653	0.0905847	-0.344398	-0.204437	5.08031
977	5.64771	-0.297659	-0.394906	-0.630394	0.323692
978	0.891118	0.413485	6.6906	0.607376	0.57679
979	-0.901853	-0.712947	5.5764	0.897241	-0.737708
980	5.33659	0.174632	0.0705832	-0.9353	0.630281
981	-0.36979	-0.555868	0.368352	-0.905626	5.42398
982	6.55887	-0.287511	0.676239	0.731777	-0.349886
983	-0.273179	0.099374	5.89935	-0.306863	-0.962523
984	6.29575	0.947608	0.402978	0.978307	0.773289
985	5.74373	-0.154331	-0.974086	0.482466	-0.795352
986	-0.495542	5.35783	-0.0449711	0.135269	-0.436451
987	5.81026	0.695496	0.869984	-0.251185	0.356002
988	0.573128	-0.134849	-0.551574	6.844	0.443974
989	-0.574559	-0.819306	0.338549	-0.81124	6.4107
990	-0.857962	6.90345	0.788632	-0.0238733	0.898569
991	5.06981	-0.731592	0.279095	0.906234	0.978677
992	-0.885731	0.327839	6.40343	-0.939773	0.970207
993	-0.519933	0.356201	0.746716	-0.257809	6.55116
994	-0.115538	0.790076	0.0878492	5.65242	-0.512733
995	0.62504	-0.913774	0.178028	-0.385408	5.8391
996	-0.0939554	-0.666495	0.966754	0.680457	6.37814
997	-0.0750733	0.554422	0.932715	5.85895	-0.538938
998	0.476938	0.0631856	0.050778	6.4019	0.398667
999	0.761016	5.63575	0.648698	-0.91417	0.414707
1000	5.95053	0.308916	-0.111209	-0.642359	0.285975
